Metodo de Euler
y(0.0)=0.0
h = 0.1
0 0.0
1 0.100000000000000
2 0.230000000000000
3 0.402000000000000
4 0.632800000000000
5 0.945920000000000
6 1.37428800000000
7 1.96400320000000
8 2.77960448000000
9 3.91144627200000
10 5.48602478080000
11 7.68043469312000
12 10.7426085703680
13 15.0196519985152
14 20.9975127979213
15 29.3565179170898
16 41.0491250839257
17 57.4087751174960
18 80.3022851644944
19 112.343199230292
20 157.190478922409

Metodo de Euler Inverso
y(0.0) = 0.0
h = 0.1
0 0.0
1 0.150000000000000
2 0.383333333333333
3 0.755555555555556
4 1.35925925925926
5 2.34876543209877
6 3.98127572016462
7 6.68545953360770
8 11.1757658893462
9 18.6429431489103
10 31.0715719148505
11 51.7692865247508
12 86.2488108745847
13 143.698018124308
14 239.430030207180
15 398.966717011967
16 664.844528353278
17 1107.95754725546
18 1846.46257875910
19 3077.28763126517
20 5128.64605210862

Metodo de Euler Aprimorado
y(0.0) = 0.0
h = 0.1
0 0.0
1 0.115000000000000
2 0.273200000000000
3 0.495336000000000
4 0.812097280000000
5 1.26890397440000
6 1.93297788211200
7 2.90380726552576
8 4.32863475297813
9 6.42537943440763
10 9.51656156292329
11 14.0795111131265
12 20.8206764474272
13 30.7856011421922
14 45.5216896904445
15 67.3191007418578
16 99.5672690979496
17 147.282558264965
18 217.889186232149
19 322.374995623580
20 477.001993522899

Metodo de Runge Kutta
Y(0.0) = 0.0
h = 0.1
0 0.0
1 0.117200000000000
2 0.279737813333333
3 0.509907554076445
4 0.840966095334301
5 1.32252382328002
6 2.02858620464758
7 3.06954966101296
8 4.61009621432173
9 6.89588752611087
10 10.2933852856171
11 15.3492526100646
12 22.8789650935203
13 34.0989948621740
14 50.8239939357338
15 75.7609392203986
16 112.947918399709
17 168.408681474126
18 251.129057111003
19 374.513505461054
20 558.557906546436

Metodo de Adam-Bashforth (ordem= 5 )
Y(0.0) = 0.6328
h = 0.1
0 0.6328
1 1.04006933333333
2 1.68367855703704
3 2.60118267162634
4 3.93832718137130
5 5.94297541205885
6 8.92876510493434
7 13.3521702005235
8 19.9307106725039
9 29.7369216804188
10 44.3462628127858
11 66.1086068076555
12 98.5421539955570
13 146.889905738507
14 218.959749934257
15 326.395143185277
16 486.560904522999
17 725.344348340947
18 1081.33823531103
19 1612.08299868664
20 2403.36850956866

